# Created by Octave 4.0.3, Fri May 08 18:21:45 2020 CDT <pi@Pi>
# name: pred
# type: scalar
4


